[0.721034014152719, 0.804965985847281]
[0.5894462530245747, 0.7712797813919194, 0.8610606121290715, 0.8302133534544343]
[0.4202389420988055, 0.6533946266404711, 0.8549550738715227, 0.9544761278742648, 0.9202822841418214, 0.7746529453731147]
[0.27561922166706515, 0.49847025577446435, 0.7631626063893536, 0.9919861440759986, 1.0, 1.0, 0.9008223399705744, 0.6739394321225433]
[0.22131685958584596, 0.3866268771492607, 0.64251909326537, 0.9464562612445123, 1.0, 1.0, 1.0, 1.0, 0.8440043436059133, 0.589076565149097]
[0.23212951814759197, 0.3273243110153467, 0.5173270193384941, 0.8114423719197233, 1.0, 1.0, 1.0, 1.0, 1.0, 1.0, 0.7500170255832103, 0.5177597539956338]
[0.2782347478135804, 0.32025395210943114, 0.42902388983776585, 0.6461217176699445, 0.9821790546468689, 1.0, 1.0, 1.0, 1.0, 1.0, 1.0, 0.9119942168559454, 0.6466161619593016, 0.4675762591071626]
[0.3436769853772809, 0.35763300939444914, 0.4051988491054515, 0.5283266786315468, 0.7740819387160864, 1.0, 1.0, 1.0, 1.0, 1.0, 1.0, 1.0, 1.0, 0.7746416508336216, 0.5719680528050359, 0.452472835136528]
[0.4017415542735989, 0.4051498311839181, 0.4207859486546183, 0.4740779934661489, 0.6120285447129796, 0.887369007798828, 1.0, 1.0, 1.0, 1.0, 1.0, 1.0, 1.0, 1.0, 0.8879961007594585, 0.6609236779056432, 0.52704304984473, 0.4568842914000786]
[0.4437343893759344, 0.4443293700422686, 0.4481100873720696, 0.4654548459840521, 0.5245703940046547, 0.6775955305994533, 0.9830239003520179, 1.0, 1.0, 1.0, 1.0, 1.0, 1.0, 1.0, 1.0, 0.9837195190725724, 0.7318336932454336, 0.583323221839185, 0.5054978453018735, 0.46880720281048566]
[0.48616617608874463, 0.4862378927100042, 0.4868919668159866, 0.49104818473597006, 0.5101156236033724, 0.5751025238659742, 0.7433261067056595, 1.0, 1.0, 1.0, 1.0, 1.0, 1.0, 1.0, 1.0, 1.0, 1.0, 0.8029512000072164, 0.6396906785980891, 0.5541356909124966, 0.5138009362836872, 0.4965330196728012]
[0.5192619757374419, 0.5192676951029592, 0.5193459146026738, 0.5200592966394683, 0.5245923781022576, 0.5453887500290294, 0.6162683137516443, 0.7997455085609146, 1.0, 1.0, 1.0, 1.0, 1.0, 1.0, 1.0, 1.0, 1.0, 1.0, 0.8647770854334405, 0.6867129758383439, 0.5934003208733525, 0.5494082270914313, 0.5305745484449299, 0.5231970097921137]
[0.5442188082098214, 0.5442190944408237, 0.5442252899890343, 0.5443100218845603, 0.5450827986529154, 0.5499932952211297, 0.5725211306055139, 0.6493019820579959, 0.8480551134217821, 1.0, 1.0, 1.0, 1.0, 1.0, 1.0, 1.0, 1.0, 1.0, 1.0, 0.9185010865814186, 0.7256117228524847, 0.6245300467921991, 0.5768752611198145, 0.5564735288501301, 0.5484817513950144, 0.5455990679253677]
[0.563673072547524, 0.563673080965008, 0.563673389207292, 0.5636800611957059, 0.563771309008816, 0.5646035126282076, 0.5698916284003425, 0.5941518635829409, 0.6768371940629637, 0.8908745229004108, 1.0, 1.0, 1.0, 1.0, 1.0, 1.0, 1.0, 1.0, 1.0, 1.0, 0.9667378203437355, 0.7590151852818047, 0.650160286795925, 0.5988408285229937, 0.5768701946582756, 0.5682638462328743, 0.5651594832198572, 0.5641227204453259]
[0.5798340633813747, 0.5798340635187149, 0.579834072537394, 0.5798344027950127, 0.5798415513113568, 0.5799393162418277, 0.5808309576545299, 0.5864967621616598, 0.6124897161294786, 0.7010806128295544, 0.9304049534219846, 1.0, 1.0, 1.0, 1.0, 1.0, 1.0, 1.0, 1.0, 1.0, 1.0, 1.0, 0.7891279349944816, 0.6724983827985246, 0.6175135771483913, 0.593973752806579, 0.5847527202498574, 0.581426636875586, 0.5803158262477784, 0.5799706968959196]
[0.5945047439802005, 0.5945047439802005, 0.5945047441266966, 0.5945047537466056, 0.594505106020838, 0.594512731092797, 0.5946170135192514, 0.5955680961784017, 0.6016116113629819, 0.6293373847812009, 0.7238341907950222, 0.9684464312668112, 1.0, 1.0, 1.0, 1.0, 1.0, 1.0, 1.0, 1.0, 1.0, 1.0, 1.0, 0.8177511848945802, 0.6933465273071062, 0.6346961613353181, 0.6095870553516811, 0.5997513029525419, 0.5962034863358032, 0.5950186235527861, 0.5946504861636515, 0.5945436212555253]
[0.6068040902432547, 0.6068040902432547, 0.6068040902432547, 0.6068040903989067, 0.606804100620056, 0.6068044749112779, 0.6068125765469881, 0.6069233765806992, 0.6079339015011357, 0.6143551338118081, 0.6438137562647959, 0.7442165724237544, 1.0, 1.0, 1.0, 1.0, 1.0, 1.0, 1.0, 1.0, 1.0, 1.0, 1.0, 1.0, 0.8440033386706549, 0.7118234429475506, 0.6495074540721194, 0.6228290396543644, 0.6123785569177165, 0.6086090032728662, 0.6073500870703498, 0.6069589412511235, 0.6068453973317358, 0.6068144850223363]
[0.618368569147618, 0.618368569147618, 0.618368569147618, 0.618368569147618, 0.6183685693124259, 0.6183685801348182, 0.618368976443133, 0.6183775546448315, 0.6184948723163939, 0.6195648397771492, 0.6263637909869834, 0.6575552706090336, 0.763864124636965, 1.0, 1.0, 1.0, 1.0, 1.0, 1.0, 1.0, 1.0, 1.0, 1.0, 1.0, 1.0, 0.8695206905849365, 0.7295655202278858, 0.6635838912417419, 0.6353361610232632, 0.6242709450634557, 0.6202796533496218, 0.6189466833799864, 0.6185325290226631, 0.6184123060606613, 0.6183795753832427, 0.6183711892103375]
[0.6281539669839085, 0.6281539669839085, 0.6281539669839085, 0.6281539669839085, 0.6281539669839085, 0.6281539671578724, 0.6281539785815086, 0.628154396906943, 0.6281634516752074, 0.628287286992523, 0.6294166970656639, 0.6365933676325988, 0.6695177065245933, 0.7817326055818608, 1.0, 1.0, 1.0, 1.0, 1.0, 1.0, 1.0, 1.0, 1.0, 1.0, 1.0, 1.0, 0.893258978347332, 0.745528523929746, 0.67588125038874, 0.6460642024669303, 0.6343842525386729, 0.6301712224870245, 0.6287641986604887, 0.6283270357371734, 0.62820013372446, 0.6281655846768178, 0.6281567326056084, 0.6281545913986961]
[0.6365414665640139, 0.6365414665640139, 0.6365414665640139, 0.6365414665640139, 0.6365414665640139, 0.6365414665640139, 0.6365414667471339, 0.6365414787720138, 0.6365419191145745, 0.6365514504495455, 0.6366818034145383, 0.6378706561176117, 0.6454250461531454, 0.6800822448266037, 0.7982031906566014, 1.0, 1.0, 1.0, 1.0, 1.0, 1.0, 1.0, 1.0, 1.0, 1.0, 1.0, 1.0, 0.9155993719722697, 0.760093631198977, 0.6867807120210543, 0.6553943459326694, 0.6430996618545002, 0.6386648933995824, 0.6371838156942866, 0.6367236441981874, 0.6365900631327908, 0.6365536957143882, 0.6365443777447373, 0.6365421238427347, 0.636541607657974]
[0.6438106362463326, 0.6438106362463326, 0.6438106362463326, 0.6438106362463326, 0.6438106362463326, 0.6438106362463326, 0.6438106362463326, 0.6438106364386086, 0.6438106490647326, 0.6438111114244207, 0.6438211193261311, 0.6439579899392441, 0.6452062852762914, 0.653138394806106, 0.6895284533788486, 0.8135554463831408, 1.0, 1.0, 1.0, 1.0, 1.0, 1.0, 1.0, 1.0, 1.0, 1.0, 1.0, 1.0, 0.9368214366481061, 0.7735404089904494, 0.6965618439263752, 0.6636061595647142, 0.6506967412948358, 0.6460402344215728, 0.6444851028324817, 0.644001922762034, 0.6438616626435002, 0.6438234768542136, 0.6438136929860894, 0.6438113263889887, 0.6438107843949906, 0.6438106665298027]
[0.65017116040942, 0.65017116040942, 0.65017116040942, 0.65017116040942, 0.65017116040942, 0.65017116040942, 0.65017116040942, 0.65017116040942, 0.650171160610852, 0.65017117383822, 0.6501716582150361, 0.6501821426834925, 0.6503255309448225, 0.6516332689167255, 0.6599430979464225, 0.6980660164441476, 0.8279990567103208, 1.0, 1.0, 1.0, 1.0, 1.0, 1.0, 1.0, 1.0, 1.0, 1.0, 1.0, 1.0, 0.9571348560116326, 0.7860785413543041, 0.705434330349717, 0.670909327691507, 0.657385175220803, 0.6525069299259061, 0.6508777444519217, 0.6503715558067844, 0.6502246166350143, 0.6501846124748166, 0.6501743627082122, 0.6501718834160121, 0.6501713156127761, 0.65017119213496, 0.65017116662024]
[0.6557833877482343, 0.6557833877482343, 0.6557833877482343, 0.6557833877482343, 0.6557833877482343, 0.6557833877482343, 0.6557833877482343, 0.6557833877482343, 0.6557833877482343, 0.6557833879588223, 0.6557834017874343, 0.6557839081813783, 0.6557948692165824, 0.6559447751261496, 0.6573119557330925, 0.665999504263844, 0.7058552826919289, 0.8416943702383096, 1.0, 1.0, 1.0, 1.0, 1.0, 1.0, 1.0, 1.0, 1.0, 1.0, 1.0, 1.0, 0.9766999785941817, 0.797868376913055, 0.7135585199565805, 0.6774641989969518, 0.6633253123235147, 0.6582253286062958, 0.6565220892471882, 0.6559928920272899, 0.6558392738022627, 0.6557974512711484, 0.6557867356060624, 0.6557841436187624, 0.6557835500062883, 0.6557834209158443, 0.6557833942413643, 0.6557833889415663]
[0.6607720342966431, 0.6607720342966431, 0.6607720342966431, 0.6607720342966431, 0.6607720342966431, 0.6607720342966431, 0.6607720342966431, 0.6607720342966431, 0.6607720342966431, 0.6607720342966431, 0.6607720345163871, 0.6607720489462431, 0.6607725773573151, 0.6607840149592671, 0.6609404385170755, 0.6623670617590943, 0.6714323297911285, 0.7130209681506195, 0.854766102980775, 1.0, 1.0, 1.0, 1.0, 1.0, 1.0, 1.0, 1.0, 1.0, 1.0, 1.0, 1.0, 0.995641520394753, 0.8090346316851317, 0.7210591287745557, 0.6833954895125604, 0.6686418686360188, 0.6633201464963442, 0.6615428532520687, 0.6609906474573956, 0.6608303501791072, 0.6607867092770751, 0.6607755277135071, 0.6607728230311071, 0.6607722036093951, 0.6607720689063231, 0.6607720410720831, 0.660772035541859, 0.6607720345163871]
[0.6656155045253699, 0.6656155045253699, 0.6656155045253699, 0.6656155045253699, 0.6656155045253699, 0.6656155045253699, 0.6656155045253699, 0.6656155045253699, 0.6656155045253699, 0.6656155045253699, 0.6656155045253699, 0.6656155047542699, 0.6656155197853699, 0.6656160702135698, 0.6656279843822699, 0.6657909255883201, 0.6672769914654215, 0.676719978998781, 0.7200414772898743, 0.8676926594044719, 1.0, 1.0, 1.0, 1.0, 1.0, 1.0, 1.0, 1.0, 1.0, 1.0, 1.0, 1.0, 1.0, 0.8200557101382244, 0.7284145612731328, 0.6891816037085935, 0.673813248628878, 0.6682697880667225, 0.6664184409372707, 0.6658432265678201, 0.66567625023627, 0.6656307909633199, 0.6656191435012699, 0.6656163261237699, 0.6656156808928199, 0.6656155405771199, 0.6656155115831199, 0.6656155058224699, 0.6656155047542699, 0.6656155045635199]
[0.6700739644650315, 0.6700739644650315, 0.6700739644650315, 0.6700739644650315, 0.6700739644650315, 0.6700739644650315, 0.6700739644650315, 0.6700739644650315, 0.6700739644650315, 0.6700739644650315, 0.6700739644650315, 0.6700739644650315, 0.6700739647030876, 0.6700739803354315, 0.6700745527807596, 0.6700869435162076, 0.6702564023704997, 0.6718019108826853, 0.6816226179173791, 0.7266769761401162, 0.8802342055392978, 1.0, 1.0, 1.0, 1.0, 1.0, 1.0, 1.0, 1.0, 1.0, 1.0, 1.0, 1.0, 1.0, 0.8306917783024003, 0.7353849834827049, 0.694582707615584, 0.67859961833268, 0.6728344193480383, 0.6709090183334083, 0.6703107953891798, 0.6701371400043676, 0.6700898623604995, 0.6700777489999675, 0.6700748189273675, 0.6700741478871796, 0.6700740019588515, 0.6700739718050915, 0.6700739658140156, 0.6700739647030876, 0.6700739645047076, 0.6700739644650315]
[0.674097452703263, 0.674097452703263, 0.674097452703263, 0.674097452703263, 0.674097452703263, 0.674097452703263, 0.674097452703263, 0.674097452703263, 0.674097452703263, 0.674097452703263, 0.674097452703263, 0.674097452703263, 0.674097452703263, 0.674097452950475, 0.674097469184063, 0.674098063646519, 0.674110930948715, 0.6742869074512492, 0.6758918585985187, 0.686090285134547, 0.7328775032889278, 0.8923407799726932, 1.0, 1.0, 1.0, 1.0, 1.0, 1.0, 1.0, 1.0, 1.0, 1.0, 1.0, 1.0, 1.0, 0.8408928747651457, 0.7419204339908467, 0.6995488398211445, 0.6829510163350518, 0.6769640789279239, 0.6749646240281159, 0.6743433925091092, 0.674163058071035, 0.674113962056249, 0.674101382797235, 0.674098340029535, 0.674097643180109, 0.674097491639153, 0.674097460325633, 0.674097454104131, 0.674097452950475, 0.674097452744465, 0.674097452703263, 0.674097452703263]
[0.6777466629658448, 0.6777466629658448, 0.6777466629658448, 0.6777466629658448, 0.6777466629658448, 0.6777466629658448, 0.6777466629658448, 0.6777466629658448, 0.6777466629658448, 0.6777466629658448, 0.6777466629658448, 0.6777466629658448, 0.6777466629658448, 0.6777466629658448, 0.6777466632222129, 0.6777466800570449, 0.6777472965366289, 0.6777606404055729, 0.6779431345563491, 0.6796075283387026, 0.6901836743760652, 0.7387037524620899, 0.9040730764304392, 1.0, 1.0, 1.0, 1.0, 1.0, 1.0, 1.0, 1.0, 1.0, 1.0, 1.0, 1.0, 1.0, 0.8507196932522418, 0.7480816065233393, 0.7041406940510553, 0.6869281363617741, 0.6807194605321598, 0.6786459517471737, 0.6780017116533892, 0.677814698162053, 0.6777637837763488, 0.6777507386188528, 0.6777475831560529, 0.6777468604973889, 0.6777467033438049, 0.6777466708705249, 0.6777466644185968, 0.6777466632222129, 0.6777466630085729, 0.6777466629658448, 0.6777466629658448, 0.6777466629658448]
[0.6810714989828638, 0.6810714989828638, 0.6810714989828638, 0.6810714989828638, 0.6810714989828638, 0.6810714989828638, 0.6810714989828638, 0.6810714989828638, 0.6810714989828638, 0.6810714989828638, 0.6810714989828638, 0.6810714989828638, 0.6810714989828638, 0.6810714989828638, 0.6810714989828638, 0.6810714992483878, 0.6810715166844638, 0.6810721551811758, 0.6810859756168678, 0.681274987415886, 0.6829988238333238, 0.6939526893720207, 0.744205627389689, 0.9154809986426223, 1.0, 1.0, 1.0, 1.0, 1.0, 1.0, 1.0, 1.0, 1.0, 1.0, 1.0, 1.0, 1.0, 0.860222137493775, 0.7539184048102686, 0.7084081740354031, 0.6905808821429333, 0.6841504678908329, 0.6820029052206688, 0.681335656552106, 0.6811419640075079, 0.6810892312508858, 0.6810757201949078, 0.6810724520370078, 0.6810717035691058, 0.6810715408028938, 0.6810715071698538, 0.6810715004874998, 0.6810714992483878, 0.6810714990271178, 0.6810714989828638, 0.6810714989828638, 0.6810714989828638, 0.6810714989828638]
[0.6841133702324771, 0.6841133702324771, 0.6841133702324771, 0.6841133702324771, 0.6841133702324771, 0.6841133702324771, 0.6841133702324771, 0.6841133702324771, 0.6841133702324771, 0.6841133702324771, 0.6841133702324771, 0.6841133702324771, 0.6841133702324771, 0.6841133702324771, 0.6841133702324771, 0.6841133702324771, 0.6841133705071571, 0.684113388544477, 0.6841140490583171, 0.684128346060757, 0.6843238755080172, 0.6861071545605391, 0.6974387396005703, 0.7494245375498825, 0.9266059560873996, 1.0, 1.0, 1.0, 1.0, 1.0, 1.0, 1.0, 1.0, 1.0, 1.0, 1.0, 1.0, 1.0, 0.8694416169679025, 0.7594722383297925, 0.7123926892523453, 0.693950663156687, 0.6872985104821003, 0.685076893926758, 0.6843866366834175, 0.6841862650855572, 0.6841317139580172, 0.6841177370035572, 0.6841143561505572, 0.6841135818734172, 0.684113413494577, 0.684113378701777, 0.6841133717889971, 0.6841133705071571, 0.6841133702782571, 0.6841133702324771, 0.6841133702324771, 0.6841133702324771, 0.6841133702324771, 0.6841133702324771]
[0.6869069254617135, 0.6869069254617135, 0.6869069254617135, 0.6869069254617135, 0.6869069254617135, 0.6869069254617135, 0.6869069254617135, 0.6869069254617135, 0.6869069254617135, 0.6869069254617135, 0.6869069254617135, 0.6869069254617135, 0.6869069254617135, 0.6869069254617135, 0.6869069254617135, 0.6869069254617135, 0.6869069254617135, 0.6869069257455496, 0.6869069443841135, 0.6869076269150816, 0.6869224004842696, 0.6871244475797718, 0.6889671692673776, 0.7006764738087433, 0.754395131689699, 0.9374825975118001, 1.0, 1.0, 1.0, 1.0, 1.0, 1.0, 1.0, 1.0, 1.0, 1.0, 1.0, 1.0, 1.0, 0.8784127804216529, 0.7647777558289393, 0.7161288884489106, 0.6970721281500637, 0.6901982370529909, 0.6879025666124705, 0.6871893007943518, 0.6869822501432297, 0.6869258806447716, 0.6869114377918295, 0.6869079442437296, 0.6869071441573515, 0.6869069701658835, 0.6869069342133235, 0.6869069270701176, 0.6869069257455496, 0.6869069255090196, 0.6869069254617135, 0.6869069254617135, 0.6869069254617135, 0.6869069254617135, 0.6869069254617135, 0.6869069254617135]
[0.6894813783200296, 0.6894813783200296, 0.6894813783200296, 0.6894813783200296, 0.6894813783200296, 0.6894813783200296, 0.6894813783200296, 0.6894813783200296, 0.6894813783200296, 0.6894813783200296, 0.6894813783200296, 0.6894813783200296, 0.6894813783200296, 0.6894813783200296, 0.6894813783200296, 0.6894813783200296, 0.6894813783200296, 0.6894813783200296, 0.6894813786130217, 0.6894813978528297, 0.6894821024009257, 0.6894973525368617, 0.6897059172806059, 0.6916080816032958, 0.7036951056459959, 0.7591466234585953, 0.9481401365652803, 1.0, 1.0, 1.0, 1.0, 1.0, 1.0, 1.0, 1.0, 1.0, 1.0, 1.0, 1.0, 1.0, 0.8871648415044834, 0.7698641709571661, 0.7196459852745558, 0.6999744907725202, 0.692878861252961, 0.6905091369272627, 0.689772862534366, 0.6895591328299817, 0.6895009449606057, 0.6894860362091817, 0.6894824299659816, 0.6894816040703656, 0.6894814244662697, 0.6894813873539497, 0.6894813799803177, 0.6894813786130217, 0.6894813783688617, 0.6894813783200296, 0.6894813783200296, 0.6894813783200296, 0.6894813783200296, 0.6894813783200296, 0.6894813783200296, 0.6894813783200296]
[0.6918615328494162, 0.6918615328494162, 0.6918615328494162, 0.6918615328494162, 0.6918615328494162, 0.6918615328494162, 0.6918615328494162, 0.6918615328494162, 0.6918615328494162, 0.6918615328494162, 0.6918615328494162, 0.6918615328494162, 0.6918615328494162, 0.6918615328494162, 0.6918615328494162, 0.6918615328494162, 0.6918615328494162, 0.6918615328494162, 0.6918615328494162, 0.6918615331515643, 0.6918615529926162, 0.6918622795578403, 0.6918780062605243, 0.6920930886525105, 0.6940546956102844, 0.7065194391543189, 0.7637038168985621, 0.958603377289831, 1.0, 1.0, 1.0, 1.0, 1.0, 1.0, 1.0, 1.0, 1.0, 1.0, 1.0, 1.0, 1.0, 0.8957226042583841, 0.7747562877564632, 0.7229687837712714, 0.702682555066047, 0.6953651871240017, 0.6929214089131253, 0.6921621259454506, 0.6919417171878043, 0.6918817109475103, 0.6918663362976043, 0.6918626173593042, 0.6918617656544502, 0.6918615804377263, 0.6918615421656462, 0.6918615345615883, 0.6918615331515643, 0.6918615328997743, 0.6918615328494162, 0.6918615328494162, 0.6918615328494162, 0.6918615328494162, 0.6918615328494162, 0.6918615328494162, 0.6918615328494162, 0.6918615328494162]
[0.6940685852312111, 0.6940685852312111, 0.6940685852312111, 0.6940685852312111, 0.6940685852312111, 0.6940685852312111, 0.6940685852312111, 0.6940685852312111, 0.6940685852312111, 0.6940685852312111, 0.6940685852312111, 0.6940685852312111, 0.6940685852312111, 0.6940685852312111, 0.6940685852312111, 0.6940685852312111, 0.6940685852312111, 0.6940685852312111, 0.6940685852312111, 0.6940685852312111, 0.6940685855425152, 0.6940686059848111, 0.6940693545671631, 0.6940855578365951, 0.6943071578768234, 0.6963282074696814, 0.7091706705150502, 0.7680879081909371, 0.96889351586679, 1.0, 1.0, 1.0, 1.0, 1.0, 1.0, 1.0, 1.0, 1.0, 1.0, 1.0, 1.0, 1.0, 0.9041072648646932, 0.7794753024081685, 0.7261184801203951, 0.7052175172119822, 0.6976784108474507, 0.6951605787513963, 0.6943782872089435, 0.6941511993980352, 0.6940893747868231, 0.6940735342384351, 0.6940697026050351, 0.6940688250909431, 0.6940686342615912, 0.6940685948297511, 0.6940685869952671, 0.6940685855425152, 0.6940685852830951, 0.6940685852312111, 0.6940685852312111, 0.6940685852312111, 0.6940685852312111, 0.6940685852312111, 0.6940685852312111, 0.6940685852312111, 0.6940685852312111, 0.6940685852312111]
[0.696120756744108, 0.696120756744108, 0.696120756744108, 0.696120756744108, 0.696120756744108, 0.696120756744108, 0.696120756744108, 0.696120756744108, 0.696120756744108, 0.696120756744108, 0.696120756744108, 0.696120756744108, 0.696120756744108, 0.696120756744108, 0.696120756744108, 0.696120756744108, 0.696120756744108, 0.696120756744108, 0.696120756744108, 0.696120756744108, 0.696120756744108, 0.696120757064568, 0.696120778108108, 0.696121548707588, 0.6961382285437681, 0.6963663462322383, 0.6984468384601804, 0.7116670210068836, 0.7723171186144142, 0.979028773574851, 1.0, 1.0, 1.0, 1.0, 1.0, 1.0, 1.0, 1.0, 1.0, 1.0, 1.0, 1.0, 1.0, 0.9123370446021043, 0.7840394361909759, 0.729113295600621, 0.7075975984890195, 0.6998367537020017, 0.6972448677207692, 0.6964395676035383, 0.6962058007393681, 0.6961421577572381, 0.6961258513103681, 0.696121906981868, 0.696121003658538, 0.696120807216558, 0.696120766624958, 0.6961207585600481, 0.696120757064568, 0.6961207567975181, 0.696120756744108, 0.696120756744108, 0.696120756744108, 0.696120756744108, 0.696120756744108, 0.696120756744108, 0.696120756744108, 0.696120756744108, 0.696120756744108, 0.696120756744108]
[0.6980337979849441, 0.6980337979849441, 0.6980337979849441, 0.6980337979849441, 0.6980337979849441, 0.6980337979849441, 0.6980337979849441, 0.6980337979849441, 0.6980337979849441, 0.6980337979849441, 0.6980337979849441, 0.6980337979849441, 0.6980337979849441, 0.6980337979849441, 0.6980337979849441, 0.6980337979849441, 0.6980337979849441, 0.6980337979849441, 0.6980337979849441, 0.6980337979849441, 0.6980337979849441, 0.6980337979849441, 0.6980337983145601, 0.6980338199593441, 0.6980346125759521, 0.6980517689788802, 0.6982864043155924, 0.7004263391786185, 0.7140242412266561, 0.7764071987658305, 0.9890249010108512, 1.0, 1.0, 1.0, 1.0, 1.0, 1.0, 1.0, 1.0, 1.0, 1.0, 1.0, 1.0, 1.0, 0.9204276940674546, 0.7884644397017226, 0.7319689808087861, 0.7098385494939959, 0.701855966284492, 0.6991900264180813, 0.6983617177260725, 0.6981212718086403, 0.6980558104555922, 0.6980390381102402, 0.6980349810866402, 0.6980340519540722, 0.6980338498994642, 0.6980338081481041, 0.6980337998527681, 0.6980337983145601, 0.6980337980398802, 0.6980337979849441, 0.6980337979849441, 0.6980337979849441, 0.6980337979849441, 0.6980337979849441, 0.6980337979849441, 0.6980337979849441, 0.6980337979849441, 0.6980337979849441, 0.6980337979849441, 0.6980337979849441]
[0.6998213938985124, 0.6998213938985124, 0.6998213938985124, 0.6998213938985124, 0.6998213938985124, 0.6998213938985124, 0.6998213938985124, 0.6998213938985124, 0.6998213938985124, 0.6998213938985124, 0.6998213938985124, 0.6998213938985124, 0.6998213938985124, 0.6998213938985124, 0.6998213938985124, 0.6998213938985124, 0.6998213938985124, 0.6998213938985124, 0.6998213938985124, 0.6998213938985124, 0.6998213938985124, 0.6998213938985124, 0.6998213938985124, 0.6998213942372844, 0.6998214164833124, 0.6998222311170484, 0.6998398640867244, 0.7000810170716787, 0.7022803945697889, 0.7162560161191608, 0.780371833589979, 0.9988955831195836, 1.0, 1.0, 1.0, 1.0, 1.0, 1.0, 1.0, 1.0, 1.0, 1.0, 1.0, 1.0, 1.0, 0.928392898205537, 0.7927639978852014, 0.7346992206896833, 0.7119540551717045, 0.7037497335397144, 0.7010097397881256, 0.7001584225213388, 0.6999112975506445, 0.6998440178266784, 0.6998267795828444, 0.6998226098641444, 0.6998216549223384, 0.6998214472551024, 0.6998214043439824, 0.6998213958182204, 0.6998213942372844, 0.6998213939549744, 0.6998213938985124, 0.6998213938985124, 0.6998213938985124, 0.6998213938985124, 0.6998213938985124, 0.6998213938985124, 0.6998213938985124, 0.6998213938985124, 0.6998213938985124, 0.6998213938985124, 0.6998213938985124, 0.6998213938985124]
[0.7016350524181134, 0.7016350524181134, 0.7016350524181134, 0.7016350524181134, 0.7016350524181134, 0.7016350524181134, 0.7016350524181134, 0.7016350524181134, 0.7016350524181134, 0.7016350524181134, 0.7016350524181134, 0.7016350524181134, 0.7016350524181134, 0.7016350524181134, 0.7016350524181134, 0.7016350524181134, 0.7016350524181134, 0.7016350524181134, 0.7016350524181134, 0.7016350524181134, 0.7016350524181134, 0.7016350524181134, 0.7016350524181134, 0.7016350524181134, 0.7016350527660415, 0.7016350756133136, 0.7016359122641775, 0.7016540218006015, 0.7019016924337977, 0.7041605125669921, 0.7185138536176985, 0.7843625310201603, 1.0, 1.0, 1.0, 1.0, 1.0, 1.0, 1.0, 1.0, 1.0, 1.0, 1.0, 1.0, 1.0, 1.0, 0.9363841649496523, 0.797089618674713, 0.7374555231766133, 0.7140956234554461, 0.7056695634009695, 0.7028555157642027, 0.7019811899226378, 0.7017273858986817, 0.7016582878037976, 0.7016405836614816, 0.7016363012476816, 0.7016353204966375, 0.7016351072167735, 0.7016350631458934, 0.7016350543897054, 0.7016350527660415, 0.7016350524761015, 0.7016350524181134, 0.7016350524181134, 0.7016350524181134, 0.7016350524181134, 0.7016350524181134, 0.7016350524181134, 0.7016350524181134, 0.7016350524181134, 0.7016350524181134, 0.7016350524181134, 0.7016350524181134, 0.7016350524181134, 0.7016350524181134]
[0.7033526137939962, 0.7033526137939962, 0.7033526137939962, 0.7033526137939962, 0.7033526137939962, 0.7033526137939962, 0.7033526137939962, 0.7033526137939962, 0.7033526137939962, 0.7033526137939962, 0.7033526137939962, 0.7033526137939962, 0.7033526137939962, 0.7033526137939962, 0.7033526137939962, 0.7033526137939962, 0.7033526137939962, 0.7033526137939962, 0.7033526137939962, 0.7033526137939962, 0.7033526137939962, 0.7033526137939962, 0.7033526137939962, 0.7033526137939962, 0.7033526137939962, 0.7033526141510801, 0.7033526375995961, 0.7033534962675881, 0.7033720823707602, 0.7036262706521984, 0.7059445334204767, 0.7206755939725175, 0.788257131306623, 1.0, 1.0, 1.0, 1.0, 1.0, 1.0, 1.0, 1.0, 1.0, 1.0, 1.0, 1.0, 1.0, 1.0, 0.9442793345500492, 0.801319142320506, 0.7401157285198249, 0.7161410945954688, 0.7074932961185062, 0.7046051945965613, 0.7037078601802184, 0.7034473771030002, 0.703376460637198, 0.7033582905964001, 0.7033538954875002, 0.7033528889272181, 0.703352670034726, 0.7033526248040861, 0.703352615817472, 0.7033526141510801, 0.7033526138535101, 0.7033526137939962, 0.7033526137939962, 0.7033526137939962, 0.7033526137939962, 0.7033526137939962, 0.7033526137939962, 0.7033526137939962, 0.7033526137939962, 0.7033526137939962, 0.7033526137939962, 0.7033526137939962, 0.7033526137939962, 0.7033526137939962, 0.7033526137939962]
[0.7049660805410374, 0.7049660805410374, 0.7049660805410374, 0.7049660805410374, 0.7049660805410374, 0.7049660805410374, 0.7049660805410374, 0.7049660805410374, 0.7049660805410374, 0.7049660805410374, 0.7049660805410374, 0.7049660805410374, 0.7049660805410374, 0.7049660805410374, 0.7049660805410374, 0.7049660805410374, 0.7049660805410374, 0.7049660805410374, 0.7049660805410374, 0.7049660805410374, 0.7049660805410374, 0.7049660805410374, 0.7049660805410374, 0.7049660805410374, 0.7049660805410374, 0.7049660805410374, 0.7049660809072774, 0.7049661049570374, 0.7049669856421574, 0.7049860483120775, 0.7052467542417578, 0.7076244596451201, 0.7227332396984952, 0.7920476369642445, 1.0, 1.0, 1.0, 1.0, 1.0, 1.0, 1.0, 1.0, 1.0, 1.0, 1.0, 1.0, 1.0, 1.0, 0.9520704095216045, 0.805444571337458, 0.7426718392341951, 0.7180824711066506, 0.7092129342072017, 0.7062507788000787, 0.7053304358089578, 0.7050632736784775, 0.7049905388417574, 0.7049719029024775, 0.7049673950984774, 0.7049663627289574, 0.7049661382238375, 0.7049660918334374, 0.7049660826163974, 0.7049660809072774, 0.7049660806020774, 0.7049660805410374, 0.7049660805410374, 0.7049660805410374, 0.7049660805410374, 0.7049660805410374, 0.7049660805410374, 0.7049660805410374, 0.7049660805410374, 0.7049660805410374, 0.7049660805410374, 0.7049660805410374, 0.7049660805410374, 0.7049660805410374, 0.7049660805410374, 0.7049660805410374]
[0.7064846374794291, 0.7064846374794291, 0.7064846374794291, 0.7064846374794291, 0.7064846374794291, 0.7064846374794291, 0.7064846374794291, 0.7064846374794291, 0.7064846374794291, 0.7064846374794291, 0.7064846374794291, 0.7064846374794291, 0.7064846374794291, 0.7064846374794291, 0.7064846374794291, 0.7064846374794291, 0.7064846374794291, 0.7064846374794291, 0.7064846374794291, 0.7064846374794291, 0.7064846374794291, 0.7064846374794291, 0.7064846374794291, 0.7064846374794291, 0.7064846374794291, 0.7064846374794291, 0.7064846374794291, 0.7064846378548251, 0.7064846625058291, 0.7064855652080771, 0.7065051044447451, 0.7067723280226674, 0.7092094760611138, 0.7246959756158233, 0.7957432328132164, 1.0, 1.0, 1.0, 1.0, 1.0, 1.0, 1.0, 1.0, 1.0, 1.0, 1.0, 1.0, 1.0, 1.0, 0.9597665746845104, 0.8094750905457602, 0.7451330401399158, 0.7199289378091825, 0.7108376624872474, 0.7078014531949465, 0.7068581016290475, 0.7065842604453052, 0.7065097072376672, 0.7064906053999052, 0.7064859849008052, 0.7064849267220471, 0.7064846966042991, 0.7064846490541391, 0.7064846396066731, 0.7064846378548251, 0.7064846375419951, 0.7064846374794291, 0.7064846374794291, 0.7064846374794291, 0.7064846374794291, 0.7064846374794291, 0.7064846374794291, 0.7064846374794291, 0.7064846374794291, 0.7064846374794291, 0.7064846374794291, 0.7064846374794291, 0.7064846374794291, 0.7064846374794291, 0.7064846374794291, 0.7064846374794291, 0.7064846374794291]
[0.7079164197356267, 0.7079164197356267, 0.7079164197356267, 0.7079164197356267, 0.7079164197356267, 0.7079164197356267, 0.7079164197356267, 0.7079164197356267, 0.7079164197356267, 0.7079164197356267, 0.7079164197356267, 0.7079164197356267, 0.7079164197356267, 0.7079164197356267, 0.7079164197356267, 0.7079164197356267, 0.7079164197356267, 0.7079164197356267, 0.7079164197356267, 0.7079164197356267, 0.7079164197356267, 0.7079164197356267, 0.7079164197356267, 0.7079164197356267, 0.7079164197356267, 0.7079164197356267, 0.7079164197356267, 0.7079164197356267, 0.7079164201201787, 0.7079164453724267, 0.7079173700918028, 0.7079373858952187, 0.708211127121383, 0.7107077177949135, 0.7265719368509573, 0.7993520539799941, 1.0, 1.0, 1.0, 1.0, 1.0, 1.0, 1.0, 1.0, 1.0, 1.0, 1.0, 1.0, 1.0, 1.0, 0.9673759651652223, 0.8134188350718683, 0.7475074663634422, 0.7216886298295205, 0.7123756160850991, 0.70926535290762, 0.7082989927669432, 0.7080184725299388, 0.7079421009513828, 0.7079225332151388, 0.7079178000209387, 0.7079167160329427, 0.7079164803025667, 0.7079164315926467, 0.7079164219147547, 0.7079164201201787, 0.7079164197997188, 0.7079164197356267, 0.7079164197356267, 0.7079164197356267, 0.7079164197356267, 0.7079164197356267, 0.7079164197356267, 0.7079164197356267, 0.7079164197356267, 0.7079164197356267, 0.7079164197356267, 0.7079164197356267, 0.7079164197356267, 0.7079164197356267, 0.7079164197356267, 0.7079164197356267, 0.7079164197356267, 0.7079164197356267]
[0.7092686585331472, 0.7092686585331472, 0.7092686585331472, 0.7092686585331472, 0.7092686585331472, 0.7092686585331472, 0.7092686585331472, 0.7092686585331472, 0.7092686585331472, 0.7092686585331472, 0.7092686585331472, 0.7092686585331472, 0.7092686585331472, 0.7092686585331472, 0.7092686585331472, 0.7092686585331472, 0.7092686585331472, 0.7092686585331472, 0.7092686585331472, 0.7092686585331472, 0.7092686585331472, 0.7092686585331472, 0.7092686585331472, 0.7092686585331472, 0.7092686585331472, 0.7092686585331472, 0.7092686585331472, 0.7092686585331472, 0.7092686585331472, 0.7092686589268552, 0.7092686847803472, 0.7092696315168512, 0.7092901238870153, 0.7095703827614215, 0.7121264160700361, 0.7283683546274142, 0.8028813316880948, 1.0, 1.0, 1.0, 1.0, 1.0, 1.0, 1.0, 1.0, 1.0, 1.0, 1.0, 1.0, 1.0, 1.0, 0.9749058121872568, 0.8172830361392993, 0.7498023491282917, 0.7233687783911813, 0.7138340262242738, 0.7106497091616166, 0.7096603404461617, 0.7093731411558953, 0.7092949512064213, 0.7092749175716953, 0.7092700716823952, 0.7092689618851612, 0.7092687205421573, 0.7092686706724772, 0.7092686607641593, 0.7092686589268552, 0.7092686585987652, 0.7092686585331472, 0.7092686585331472, 0.7092686585331472, 0.7092686585331472, 0.7092686585331472, 0.7092686585331472, 0.7092686585331472, 0.7092686585331472, 0.7092686585331472, 0.7092686585331472, 0.7092686585331472, 0.7092686585331472, 0.7092686585331472, 0.7092686585331472, 0.7092686585331472, 0.7092686585331472, 0.7092686585331472, 0.7092686585331472]
[0.7105478033416123, 0.7105478033416123, 0.7105478033416123, 0.7105478033416123, 0.7105478033416123, 0.7105478033416123, 0.7105478033416123, 0.7105478033416123, 0.7105478033416123, 0.7105478033416123, 0.7105478033416123, 0.7105478033416123, 0.7105478033416123, 0.7105478033416123, 0.7105478033416123, 0.7105478033416123, 0.7105478033416123, 0.7105478033416123, 0.7105478033416123, 0.7105478033416123, 0.7105478033416123, 0.7105478033416123, 0.7105478033416123, 0.7105478033416123, 0.7105478033416123, 0.7105478033416123, 0.7105478033416123, 0.7105478033416123, 0.7105478033416123, 0.7105478033416123, 0.7105478037444762, 0.7105478301992124, 0.7105487989528444, 0.7105697678897563, 0.7108565444124045, 0.7134720203561032, 0.7300916784148158, 0.80633751540714, 1.0, 1.0, 1.0, 1.0, 1.0, 1.0, 1.0, 1.0, 1.0, 1.0, 1.0, 1.0, 1.0, 1.0, 0.982362565220236, 0.8210741432176748, 0.7520241379040858, 0.7249758329637866, 0.715219342374393, 0.7119609714265577, 0.7109485941363246, 0.7106547157927964, 0.7105747074724044, 0.7105542079391963, 0.7105492493547964, 0.7105481137483244, 0.7105478667926922, 0.7105478157632522, 0.7105478056245084, 0.7105478037444762, 0.7105478034087563, 0.7105478033416123, 0.7105478033416123, 0.7105478033416123, 0.7105478033416123, 0.7105478033416123, 0.7105478033416123, 0.7105478033416123, 0.7105478033416123, 0.7105478033416123, 0.7105478033416123, 0.7105478033416123, 0.7105478033416123, 0.7105478033416123, 0.7105478033416123, 0.7105478033416123, 0.7105478033416123, 0.7105478033416123, 0.7105478033416123, 0.7105478033416123]
[0.7117596247391055, 0.7117596247391055, 0.7117596247391055, 0.7117596247391055, 0.7117596247391055, 0.7117596247391055, 0.7117596247391055, 0.7117596247391055, 0.7117596247391055, 0.7117596247391055, 0.7117596247391055, 0.7117596247391055, 0.7117596247391055, 0.7117596247391055, 0.7117596247391055, 0.7117596247391055, 0.7117596247391055, 0.7117596247391055, 0.7117596247391055, 0.7117596247391055, 0.7117596247391055, 0.7117596247391055, 0.7117596247391055, 0.7117596247391055, 0.7117596247391055, 0.7117596247391055, 0.7117596247391055, 0.7117596247391055, 0.7117596247391055, 0.7117596247391055, 0.7117596247391055, 0.7117596251511255, 0.7117596522071055, 0.7117606429778655, 0.7117820884815255, 0.7120753826524158, 0.7147503012311985, 0.7317476787912455, 0.8097263757152134, 1.0, 1.0, 1.0, 1.0, 1.0, 1.0, 1.0, 1.0, 1.0, 1.0, 1.0, 1.0, 1.0, 1.0, 0.9897519948422434, 0.8247979268850785, 0.7541786032689078, 0.7265155641254203, 0.7165373351135403, 0.7132049102805269, 0.712169524415516, 0.7118689670187256, 0.7117871403274155, 0.7117661748957255, 0.7117611036162255, 0.7117599422005155, 0.7117596896322554, 0.7117596374430555, 0.7117596270738855, 0.7117596251511255, 0.7117596248077754, 0.7117596247391055, 0.7117596247391055, 0.7117596247391055, 0.7117596247391055, 0.7117596247391055, 0.7117596247391055, 0.7117596247391055, 0.7117596247391055, 0.7117596247391055, 0.7117596247391055, 0.7117596247391055, 0.7117596247391055, 0.7117596247391055, 0.7117596247391055, 0.7117596247391055, 0.7117596247391055, 0.7117596247391055, 0.7117596247391055, 0.7117596247391055, 0.7117596247391055]
[0.7129093014495478, 0.7129093014495478, 0.7129093014495478, 0.7129093014495478, 0.7129093014495478, 0.7129093014495478, 0.7129093014495478, 0.7129093014495478, 0.7129093014495478, 0.7129093014495478, 0.7129093014495478, 0.7129093014495478, 0.7129093014495478, 0.7129093014495478, 0.7129093014495478, 0.7129093014495478, 0.7129093014495478, 0.7129093014495478, 0.7129093014495478, 0.7129093014495478, 0.7129093014495478, 0.7129093014495478, 0.7129093014495478, 0.7129093014495478, 0.7129093014495478, 0.7129093014495478, 0.7129093014495478, 0.7129093014495478, 0.7129093014495478, 0.7129093014495478, 0.7129093014495478, 0.7129093014495478, 0.7129093018707239, 0.7129093295279478, 0.7129103423158358, 0.7129322643862438, 0.7132320762053761, 0.7159664374192429, 0.7333415344806242, 0.8130530913362359, 1.0, 1.0, 1.0, 1.0, 1.0, 1.0, 1.0, 1.0, 1.0, 1.0, 1.0, 1.0, 1.0, 1.0, 0.9970792797772, 0.8284595658654315, 0.7562709239466792, 0.7279931506000029, 0.7177931831656367, 0.7143867044474453, 0.7133283100076563, 0.7130210735576039, 0.7129374284953759, 0.7129159971652038, 0.7129108131906038, 0.7129096259656559, 0.7129093677847679, 0.7129093144358079, 0.7129093038362119, 0.7129093018707239, 0.7129093015197439, 0.7129093014495478, 0.7129093014495478, 0.7129093014495478, 0.7129093014495478, 0.7129093014495478, 0.7129093014495478, 0.7129093014495478, 0.7129093014495478, 0.7129093014495478, 0.7129093014495478, 0.7129093014495478, 0.7129093014495478, 0.7129093014495478, 0.7129093014495478, 0.7129093014495478, 0.7129093014495478, 0.7129093014495478, 0.7129093014495478, 0.7129093014495478, 0.7129093014495478, 0.7129093014495478]
[0.714056545981134, 0.714056545981134, 0.714056545981134, 0.714056545981134, 0.714056545981134, 0.714056545981134, 0.714056545981134, 0.714056545981134, 0.714056545981134, 0.714056545981134, 0.714056545981134, 0.714056545981134, 0.714056545981134, 0.714056545981134, 0.714056545981134, 0.714056545981134, 0.714056545981134, 0.714056545981134, 0.714056545981134, 0.714056545981134, 0.714056545981134, 0.714056545981134, 0.714056545981134, 0.714056545981134, 0.714056545981134, 0.714056545981134, 0.714056545981134, 0.714056545981134, 0.714056545981134, 0.714056545981134, 0.714056545981134, 0.714056545981134, 0.714056545981134, 0.7140565464114661, 0.714056574669934, 0.7140576094749501, 0.714080008112106, 0.7143863375794804, 0.7171801414284312, 0.7349329579911469, 0.8163773747784023, 1.0, 1.0, 1.0, 1.0, 1.0, 1.0, 1.0, 1.0, 1.0, 1.0, 1.0, 1.0, 1.0, 1.0, 1.0, 0.8321187726669282, 0.7583608124455944, 0.7294683048957294, 0.7190465990388771, 0.7155660664355076, 0.7144846634209405, 0.7141707479176261, 0.7140852844844802, 0.7140633872558261, 0.7140580905861261, 0.7140568775519401, 0.714056613758424, 0.714056559249704, 0.714056548419682, 0.7140565464114661, 0.7140565460528562, 0.714056545981134, 0.714056545981134, 0.714056545981134, 0.714056545981134, 0.714056545981134, 0.714056545981134, 0.714056545981134, 0.714056545981134, 0.714056545981134, 0.714056545981134, 0.714056545981134, 0.714056545981134, 0.714056545981134, 0.714056545981134, 0.714056545981134, 0.714056545981134, 0.714056545981134, 0.714056545981134, 0.714056545981134, 0.714056545981134, 0.714056545981134, 0.714056545981134]
[0.7151831947361339, 0.7151831947361339, 0.7151831947361339, 0.7151831947361339, 0.7151831947361339, 0.7151831947361339, 0.7151831947361339, 0.7151831947361339, 0.7151831947361339, 0.7151831947361339, 0.7151831947361339, 0.7151831947361339, 0.7151831947361339, 0.7151831947361339, 0.7151831947361339, 0.7151831947361339, 0.7151831947361339, 0.7151831947361339, 0.7151831947361339, 0.7151831947361339, 0.7151831947361339, 0.7151831947361339, 0.7151831947361339, 0.7151831947361339, 0.7151831947361339, 0.7151831947361339, 0.7151831947361339, 0.7151831947361339, 0.7151831947361339, 0.7151831947361339, 0.7151831947361339, 0.7151831947361339, 0.7151831947361339, 0.7151831947361339, 0.7151831951756219, 0.715183224035334, 0.715184280857478, 0.715207156061382, 0.7155200031769983, 0.7183732496610331, 0.7365037857250832, 0.8196810624439824, 1.0, 1.0, 1.0, 1.0, 1.0, 1.0, 1.0, 1.0, 1.0, 1.0, 1.0, 1.0, 1.0, 1.0, 1.0, 0.8357573836918385, 0.7604301051679231, 0.7309228634148696, 0.7202794191355311, 0.7167248326469835, 0.7156204210576383, 0.715299826501062, 0.715212544696998, 0.7151901815698619, 0.7151847722050619, 0.715183533361638, 0.7151832639554939, 0.715183208287014, 0.715183197226566, 0.7151831951756219, 0.715183194809382, 0.7151831947361339, 0.7151831947361339, 0.7151831947361339, 0.7151831947361339, 0.7151831947361339, 0.7151831947361339, 0.7151831947361339, 0.7151831947361339, 0.7151831947361339, 0.7151831947361339, 0.7151831947361339, 0.7151831947361339, 0.7151831947361339, 0.7151831947361339, 0.7151831947361339, 0.7151831947361339, 0.7151831947361339, 0.7151831947361339, 0.7151831947361339, 0.7151831947361339, 0.7151831947361339, 0.7151831947361339, 0.7151831947361339]
[0.716255547165591, 0.716255547165591, 0.716255547165591, 0.716255547165591, 0.716255547165591, 0.716255547165591, 0.716255547165591, 0.716255547165591, 0.716255547165591, 0.716255547165591, 0.716255547165591, 0.716255547165591, 0.716255547165591, 0.716255547165591, 0.716255547165591, 0.716255547165591, 0.716255547165591, 0.716255547165591, 0.716255547165591, 0.716255547165591, 0.716255547165591, 0.716255547165591, 0.716255547165591, 0.716255547165591, 0.716255547165591, 0.716255547165591, 0.716255547165591, 0.716255547165591, 0.716255547165591, 0.716255547165591, 0.716255547165591, 0.716255547165591, 0.716255547165591, 0.716255547165591, 0.716255547165591, 0.7162555476142349, 0.7162555770751909, 0.716256655914463, 0.716280007685115, 0.7165993724489733, 0.7195120615680922, 0.7380203171334767, 0.8229304537840196, 1.0, 1.0, 1.0, 1.0, 1.0, 1.0, 1.0, 1.0, 1.0, 1.0, 1.0, 1.0, 1.0, 1.0, 1.0, 0.8393416983912061, 0.7624451015647092, 0.732323125608467, 0.7214579429066422, 0.7178293025329165, 0.7167018823687934, 0.7163746087589551, 0.716285508583973, 0.716262679558355, 0.716257157498455, 0.7162558928457929, 0.716255617827021, 0.716255560998781, 0.716255549707907, 0.7162555476142349, 0.716255547240365, 0.716255547165591, 0.716255547165591, 0.716255547165591, 0.716255547165591, 0.716255547165591, 0.716255547165591, 0.716255547165591, 0.716255547165591, 0.716255547165591, 0.716255547165591, 0.716255547165591, 0.716255547165591, 0.716255547165591, 0.716255547165591, 0.716255547165591, 0.716255547165591, 0.716255547165591, 0.716255547165591, 0.716255547165591, 0.716255547165591, 0.716255547165591, 0.716255547165591, 0.716255547165591, 0.716255547165591]
[0.7172774359513093, 0.7172774359513093, 0.7172774359513093, 0.7172774359513093, 0.7172774359513093, 0.7172774359513093, 0.7172774359513093, 0.7172774359513093, 0.7172774359513093, 0.7172774359513093, 0.7172774359513093, 0.7172774359513093, 0.7172774359513093, 0.7172774359513093, 0.7172774359513093, 0.7172774359513093, 0.7172774359513093, 0.7172774359513093, 0.7172774359513093, 0.7172774359513093, 0.7172774359513093, 0.7172774359513093, 0.7172774359513093, 0.7172774359513093, 0.7172774359513093, 0.7172774359513093, 0.7172774359513093, 0.7172774359513093, 0.7172774359513093, 0.7172774359513093, 0.7172774359513093, 0.7172774359513093, 0.7172774359513093, 0.7172774359513093, 0.7172774359513093, 0.7172774359513093, 0.7172774364091092, 0.7172774664713093, 0.7172785673277093, 0.7173023956651093, 0.7176282780772096, 0.7206004098314126, 0.7394863848981315, 0.8261293814803181, 1.0, 1.0, 1.0, 1.0, 1.0, 1.0, 1.0, 1.0, 1.0, 1.0, 1.0, 1.0, 1.0, 1.0, 1.0, 0.8428755494468348, 0.7644096343177564, 0.7336729241583256, 0.7225860030340145, 0.7188833087751109, 0.7177328800362097, 0.7173989273731094, 0.7173080088272094, 0.7172847139031093, 0.7172790791481093, 0.7172777886862093, 0.7172775080548093, 0.7172774500668093, 0.7172774385455093, 0.7172774364091092, 0.7172774360276093, 0.7172774359513093, 0.7172774359513093, 0.7172774359513093, 0.7172774359513093, 0.7172774359513093, 0.7172774359513093, 0.7172774359513093, 0.7172774359513093, 0.7172774359513093, 0.7172774359513093, 0.7172774359513093, 0.7172774359513093, 0.7172774359513093, 0.7172774359513093, 0.7172774359513093, 0.7172774359513093, 0.7172774359513093, 0.7172774359513093, 0.7172774359513093, 0.7172774359513093, 0.7172774359513093, 0.7172774359513093, 0.7172774359513093, 0.7172774359513093, 0.7172774359513093]
[0.7182523413445806, 0.7182523413445806, 0.7182523413445806, 0.7182523413445806, 0.7182523413445806, 0.7182523413445806, 0.7182523413445806, 0.7182523413445806, 0.7182523413445806, 0.7182523413445806, 0.7182523413445806, 0.7182523413445806, 0.7182523413445806, 0.7182523413445806, 0.7182523413445806, 0.7182523413445806, 0.7182523413445806, 0.7182523413445806, 0.7182523413445806, 0.7182523413445806, 0.7182523413445806, 0.7182523413445806, 0.7182523413445806, 0.7182523413445806, 0.7182523413445806, 0.7182523413445806, 0.7182523413445806, 0.7182523413445806, 0.7182523413445806, 0.7182523413445806, 0.7182523413445806, 0.7182523413445806, 0.7182523413445806, 0.7182523413445806, 0.7182523413445806, 0.7182523413445806, 0.7182523413445806, 0.7182523418115365, 0.7182523724749805, 0.7182534953485086, 0.7182778002526565, 0.7186102003129989, 0.721641774702286, 0.7409054692703392, 0.8292813257841696, 1.0, 1.0, 1.0, 1.0, 1.0, 1.0, 1.0, 1.0, 1.0, 1.0, 1.0, 1.0, 1.0, 1.0, 1.0, 0.8463624171100168, 0.7663271836783567, 0.7349757393157372, 0.72366707976894, 0.7198903316248582, 0.718716894311179, 0.7183762625948167, 0.7182835256779986, 0.7182597648554165, 0.7182540174053166, 0.7182527011341786, 0.7182524148901506, 0.7182523557423905, 0.7182523439906645, 0.7182523418115365, 0.7182523414224066, 0.7182523413445806, 0.7182523413445806, 0.7182523413445806, 0.7182523413445806, 0.7182523413445806, 0.7182523413445806, 0.7182523413445806, 0.7182523413445806, 0.7182523413445806, 0.7182523413445806, 0.7182523413445806, 0.7182523413445806, 0.7182523413445806, 0.7182523413445806, 0.7182523413445806, 0.7182523413445806, 0.7182523413445806, 0.7182523413445806, 0.7182523413445806, 0.7182523413445806, 0.7182523413445806, 0.7182523413445806, 0.7182523413445806, 0.7182523413445806, 0.7182523413445806, 0.7182523413445806]
[0.7191834307651208, 0.7191834307651208, 0.7191834307651208, 0.7191834307651208, 0.7191834307651208, 0.7191834307651208, 0.7191834307651208, 0.7191834307651208, 0.7191834307651208, 0.7191834307651208, 0.7191834307651208, 0.7191834307651208, 0.7191834307651208, 0.7191834307651208, 0.7191834307651208, 0.7191834307651208, 0.7191834307651208, 0.7191834307651208, 0.7191834307651208, 0.7191834307651208, 0.7191834307651208, 0.7191834307651208, 0.7191834307651208, 0.7191834307651208, 0.7191834307651208, 0.7191834307651208, 0.7191834307651208, 0.7191834307651208, 0.7191834307651208, 0.7191834307651208, 0.7191834307651208, 0.7191834307651208, 0.7191834307651208, 0.7191834307651208, 0.7191834307651208, 0.7191834307651208, 0.7191834307651208, 0.7191834307651208, 0.7191834312412327, 0.7191834625059208, 0.7191846073965767, 0.7192093888674728, 0.7195483065760572, 0.7226393236004283, 0.7422807376698158, 0.83238945411529, 1.0, 1.0, 1.0, 1.0, 1.0, 1.0, 1.0, 1.0, 1.0, 1.0, 1.0, 1.0, 1.0, 1.0, 1.0, 0.8498054688004675, 0.7682009170662258, 0.7362347385004179, 0.7247043405311343, 0.7208535385018745, 0.7196570926134173, 0.7193097818437929, 0.7192152265560569, 0.7191909998349928, 0.7191851396897928, 0.7191837976094168, 0.7191835057527608, 0.7191834454452408, 0.7191834334630888, 0.7191834312412327, 0.7191834308444728, 0.7191834307651208, 0.7191834307651208, 0.7191834307651208, 0.7191834307651208, 0.7191834307651208, 0.7191834307651208, 0.7191834307651208, 0.7191834307651208, 0.7191834307651208, 0.7191834307651208, 0.7191834307651208, 0.7191834307651208, 0.7191834307651208, 0.7191834307651208, 0.7191834307651208, 0.7191834307651208, 0.7191834307651208, 0.7191834307651208, 0.7191834307651208, 0.7191834307651208, 0.7191834307651208, 0.7191834307651208, 0.7191834307651208, 0.7191834307651208, 0.7191834307651208, 0.7191834307651208, 0.7191834307651208]
[0.7200735931781643, 0.7200735931781643, 0.7200735931781643, 0.7200735931781643, 0.7200735931781643, 0.7200735931781643, 0.7200735931781643, 0.7200735931781643, 0.7200735931781643, 0.7200735931781643, 0.7200735931781643, 0.7200735931781643, 0.7200735931781643, 0.7200735931781643, 0.7200735931781643, 0.7200735931781643, 0.7200735931781643, 0.7200735931781643, 0.7200735931781643, 0.7200735931781643, 0.7200735931781643, 0.7200735931781643, 0.7200735931781643, 0.7200735931781643, 0.7200735931781643, 0.7200735931781643, 0.7200735931781643, 0.7200735931781643, 0.7200735931781643, 0.7200735931781643, 0.7200735931781643, 0.7200735931781643, 0.7200735931781643, 0.7200735931781643, 0.7200735931781643, 0.7200735931781643, 0.7200735931781643, 0.7200735931781643, 0.7200735931781643, 0.7200735936634324, 0.7200736255293644, 0.7200747924371483, 0.7201000504747924, 0.7204454858316187, 0.7235959454910739, 0.7436150790617959, 0.8354566554389138, 1.0, 1.0, 1.0, 1.0, 1.0, 1.0, 1.0, 1.0, 1.0, 1.0, 1.0, 1.0, 1.0, 1.0, 1.0, 0.8532075934834215, 0.7700337234465984, 0.7374528106776017, 0.725700674285832, 0.721775818371394, 0.7205563639081588, 0.7202023740852724, 0.7201060004266184, 0.7200813078070724, 0.7200753349667723, 0.7200739670771583, 0.7200736696078743, 0.7200736081405944, 0.7200735959280163, 0.7200735936634324, 0.7200735932590424, 0.7200735931781643, 0.7200735931781643, 0.7200735931781643, 0.7200735931781643, 0.7200735931781643, 0.7200735931781643, 0.7200735931781643, 0.7200735931781643, 0.7200735931781643, 0.7200735931781643, 0.7200735931781643, 0.7200735931781643, 0.7200735931781643, 0.7200735931781643, 0.7200735931781643, 0.7200735931781643, 0.7200735931781643, 0.7200735931781643, 0.7200735931781643, 0.7200735931781643, 0.7200735931781643, 0.7200735931781643, 0.7200735931781643, 0.7200735931781643, 0.7200735931781643, 0.7200735931781643, 0.7200735931781643, 0.7200735931781643]
[0.7209254690358086, 0.7209254690358086, 0.7209254690358086, 0.7209254690358086, 0.7209254690358086, 0.7209254690358086, 0.7209254690358086, 0.7209254690358086, 0.7209254690358086, 0.7209254690358086, 0.7209254690358086, 0.7209254690358086, 0.7209254690358086, 0.7209254690358086, 0.7209254690358086, 0.7209254690358086, 0.7209254690358086, 0.7209254690358086, 0.7209254690358086, 0.7209254690358086, 0.7209254690358086, 0.7209254690358086, 0.7209254690358086, 0.7209254690358086, 0.7209254690358086, 0.7209254690358086, 0.7209254690358086, 0.7209254690358086, 0.7209254690358086, 0.7209254690358086, 0.7209254690358086, 0.7209254690358086, 0.7209254690358086, 0.7209254690358086, 0.7209254690358086, 0.7209254690358086, 0.7209254690358086, 0.7209254690358086, 0.7209254690358086, 0.7209254690358086, 0.7209254695302326, 0.7209255019974086, 0.7209266909223206, 0.7209524255267126, 0.721304378531781, 0.7245142808263202, 0.7449111338983766, 0.8384855702071381, 1.0, 1.0, 1.0, 1.0, 1.0, 1.0, 1.0, 1.0, 1.0, 1.0, 1.0, 1.0, 1.0, 1.0, 1.0, 0.8565714316109763, 0.7718282432715715, 0.7386325962993863, 0.7266587214851303, 0.7226598116855143, 0.7214173486475011, 0.7210566797713527, 0.7209584877417806, 0.7209333292237526, 0.7209272436883526, 0.7209258499895006, 0.7209255469075886, 0.7209254842805486, 0.7209254718375446, 0.7209254695302326, 0.7209254691182126, 0.7209254690358086, 0.7209254690358086, 0.7209254690358086, 0.7209254690358086, 0.7209254690358086, 0.7209254690358086, 0.7209254690358086, 0.7209254690358086, 0.7209254690358086, 0.7209254690358086, 0.7209254690358086, 0.7209254690358086, 0.7209254690358086, 0.7209254690358086, 0.7209254690358086, 0.7209254690358086, 0.7209254690358086, 0.7209254690358086, 0.7209254690358086, 0.7209254690358086, 0.7209254690358086, 0.7209254690358086, 0.7209254690358086, 0.7209254690358086, 0.7209254690358086, 0.7209254690358086, 0.7209254690358086, 0.7209254690358086, 0.7209254690358086]
[0.7217414764362886, 0.7217414764362886, 0.7217414764362886, 0.7217414764362886, 0.7217414764362886, 0.7217414764362886, 0.7217414764362886, 0.7217414764362886, 0.7217414764362886, 0.7217414764362886, 0.7217414764362886, 0.7217414764362886, 0.7217414764362886, 0.7217414764362886, 0.7217414764362886, 0.7217414764362886, 0.7217414764362886, 0.7217414764362886, 0.7217414764362886, 0.7217414764362886, 0.7217414764362886, 0.7217414764362886, 0.7217414764362886, 0.7217414764362886, 0.7217414764362886, 0.7217414764362886, 0.7217414764362886, 0.7217414764362886, 0.7217414764362886, 0.7217414764362886, 0.7217414764362886, 0.7217414764362886, 0.7217414764362886, 0.7217414764362886, 0.7217414764362886, 0.7217414764362886, 0.7217414764362886, 0.7217414764362886, 0.7217414764362886, 0.7217414764362886, 0.7217414764362886, 0.7217414769398687, 0.7217415100082885, 0.7217427209503287, 0.7217689321214686, 0.722127402774779, 0.7253967477044023, 0.746171320277793, 0.8414786165181982, 1.0, 1.0, 1.0, 1.0, 1.0, 1.0, 1.0, 1.0, 1.0, 1.0, 1.0, 1.0, 1.0, 1.0, 1.0, 0.8598994012813667, 0.7735868946393804, 0.7397765134640065, 0.7275809002272644, 0.7235079365424704, 0.722242464929679, 0.7218751170002686, 0.7217751065997786, 0.7217494821832686, 0.7217432839527687, 0.7217418644446785, 0.7217415557501385, 0.7217414919633385, 0.7217414792899086, 0.7217414769398687, 0.7217414765202186, 0.7217414764362886, 0.7217414764362886, 0.7217414764362886, 0.7217414764362886, 0.7217414764362886, 0.7217414764362886, 0.7217414764362886, 0.7217414764362886, 0.7217414764362886, 0.7217414764362886, 0.7217414764362886, 0.7217414764362886, 0.7217414764362886, 0.7217414764362886, 0.7217414764362886, 0.7217414764362886, 0.7217414764362886, 0.7217414764362886, 0.7217414764362886, 0.7217414764362886, 0.7217414764362886, 0.7217414764362886, 0.7217414764362886, 0.7217414764362886, 0.7217414764362886, 0.7217414764362886, 0.7217414764362886, 0.7217414764362886, 0.7217414764362886, 0.7217414764362886]
[0.7225238340470582, 0.7225238340470582, 0.7225238340470582, 0.7225238340470582, 0.7225238340470582, 0.7225238340470582, 0.7225238340470582, 0.7225238340470582, 0.7225238340470582, 0.7225238340470582, 0.7225238340470582, 0.7225238340470582, 0.7225238340470582, 0.7225238340470582, 0.7225238340470582, 0.7225238340470582, 0.7225238340470582, 0.7225238340470582, 0.7225238340470582, 0.7225238340470582, 0.7225238340470582, 0.7225238340470582, 0.7225238340470582, 0.7225238340470582, 0.7225238340470582, 0.7225238340470582, 0.7225238340470582, 0.7225238340470582, 0.7225238340470582, 0.7225238340470582, 0.7225238340470582, 0.7225238340470582, 0.7225238340470582, 0.7225238340470582, 0.7225238340470582, 0.7225238340470582, 0.7225238340470582, 0.7225238340470582, 0.7225238340470582, 0.7225238340470582, 0.7225238340470582, 0.7225238340470582, 0.7225238345597942, 0.7225238682294582, 0.7225251011886262, 0.7225517889265143, 0.7229167772280667, 0.7262455647927739, 0.7473978568674992, 0.8444380130395482, 1.0, 1.0, 1.0, 1.0, 1.0, 1.0, 1.0, 1.0, 1.0, 1.0, 1.0, 1.0, 1.0, 1.0, 1.0, 0.863193721162047, 0.7753118962174791, 0.7408867808389166, 0.7284694291796882, 0.724322411609716, 0.7230339314221468, 0.7226599044394744, 0.7225580756680663, 0.7225319853530743, 0.7225256744274743, 0.7225242291101462, 0.7225239148029783, 0.7225238498564183, 0.7225238369525623, 0.7225238345597942, 0.7225238341325142, 0.7225238340470582, 0.7225238340470582, 0.7225238340470582, 0.7225238340470582, 0.7225238340470582, 0.7225238340470582, 0.7225238340470582, 0.7225238340470582, 0.7225238340470582, 0.7225238340470582, 0.7225238340470582, 0.7225238340470582, 0.7225238340470582, 0.7225238340470582, 0.7225238340470582, 0.7225238340470582, 0.7225238340470582, 0.7225238340470582, 0.7225238340470582, 0.7225238340470582, 0.7225238340470582, 0.7225238340470582, 0.7225238340470582, 0.7225238340470582, 0.7225238340470582, 0.7225238340470582, 0.7225238340470582, 0.7225238340470582, 0.7225238340470582, 0.7225238340470582, 0.7225238340470582]
[0.7232745812493117, 0.7232745812493117, 0.7232745812493117, 0.7232745812493117, 0.7232745812493117, 0.7232745812493117, 0.7232745812493117, 0.7232745812493117, 0.7232745812493117, 0.7232745812493117, 0.7232745812493117, 0.7232745812493117, 0.7232745812493117, 0.7232745812493117, 0.7232745812493117, 0.7232745812493117, 0.7232745812493117, 0.7232745812493117, 0.7232745812493117, 0.7232745812493117, 0.7232745812493117, 0.7232745812493117, 0.7232745812493117, 0.7232745812493117, 0.7232745812493117, 0.7232745812493117, 0.7232745812493117, 0.7232745812493117, 0.7232745812493117, 0.7232745812493117, 0.7232745812493117, 0.7232745812493117, 0.7232745812493117, 0.7232745812493117, 0.7232745812493117, 0.7232745812493117, 0.7232745812493117, 0.7232745812493117, 0.7232745812493117, 0.7232745812493117, 0.7232745812493117, 0.7232745812493117, 0.7232745812493117, 0.7232745817712037, 0.7232746160421117, 0.7232758710184077, 0.7233030353230437, 0.7236745412728381, 0.7270627714726294, 0.748592783048689, 0.8473657991523819, 1.0, 1.0, 1.0, 1.0, 1.0, 1.0, 1.0, 1.0, 1.0, 1.0, 1.0, 1.0, 1.0, 1.0, 1.0, 0.8664564306342109, 0.7770052873870615, 0.7419654378053104, 0.7293263477235957, 0.7251052762684456, 0.7237937875060982, 0.7234130814701638, 0.7233094343278378, 0.7232828781143638, 0.7232764544936637, 0.7232749833670977, 0.7232746634473017, 0.7232745973409817, 0.7232745842066997, 0.7232745817712037, 0.7232745813362937, 0.7232745812493117, 0.7232745812493117, 0.7232745812493117, 0.7232745812493117, 0.7232745812493117, 0.7232745812493117, 0.7232745812493117, 0.7232745812493117, 0.7232745812493117, 0.7232745812493117, 0.7232745812493117, 0.7232745812493117, 0.7232745812493117, 0.7232745812493117, 0.7232745812493117, 0.7232745812493117, 0.7232745812493117, 0.7232745812493117, 0.7232745812493117, 0.7232745812493117, 0.7232745812493117, 0.7232745812493117, 0.7232745812493117, 0.7232745812493117, 0.7232745812493117, 0.7232745812493117, 0.7232745812493117, 0.7232745812493117, 0.7232745812493117, 0.7232745812493117, 0.7232745812493117, 0.7232745812493117]
[0.7239955958890998, 0.7239955958890998, 0.7239955958890998, 0.7239955958890998, 0.7239955958890998, 0.7239955958890998, 0.7239955958890998, 0.7239955958890998, 0.7239955958890998, 0.7239955958890998, 0.7239955958890998, 0.7239955958890998, 0.7239955958890998, 0.7239955958890998, 0.7239955958890998, 0.7239955958890998, 0.7239955958890998, 0.7239955958890998, 0.7239955958890998, 0.7239955958890998, 0.7239955958890998, 0.7239955958890998, 0.7239955958890998, 0.7239955958890998, 0.7239955958890998, 0.7239955958890998, 0.7239955958890998, 0.7239955958890998, 0.7239955958890998, 0.7239955958890998, 0.7239955958890998, 0.7239955958890998, 0.7239955958890998, 0.7239955958890998, 0.7239955958890998, 0.7239955958890998, 0.7239955958890998, 0.7239955958890998, 0.7239955958890998, 0.7239955958890998, 0.7239955958890998, 0.7239955958890998, 0.7239955958890998, 0.7239955958890998, 0.7239955964201478, 0.7239956312922998, 0.7239969082857238, 0.7240245491571078, 0.7244025727551442, 0.7278502455900197, 0.7497579766674136, 0.8502638527027502, 1.0, 1.0, 1.0, 1.0, 1.0, 1.0, 1.0, 1.0, 1.0, 1.0, 1.0, 1.0, 1.0, 1.0, 1.0, 0.8696894075439096, 0.7786689459941786, 0.7430143622092389, 0.730153533705038, 0.7258584083647097, 0.7245239110275843, 0.724136525938388, 0.7240310604251439, 0.7240040383131878, 0.7239975019973878, 0.7239960050615838, 0.7239956795291598, 0.7239956122630798, 0.7239955988983718, 0.7239955964201478, 0.7239955959776078, 0.7239955958890998, 0.7239955958890998, 0.7239955958890998, 0.7239955958890998, 0.7239955958890998, 0.7239955958890998, 0.7239955958890998, 0.7239955958890998, 0.7239955958890998, 0.7239955958890998, 0.7239955958890998, 0.7239955958890998, 0.7239955958890998, 0.7239955958890998, 0.7239955958890998, 0.7239955958890998, 0.7239955958890998, 0.7239955958890998, 0.7239955958890998, 0.7239955958890998, 0.7239955958890998, 0.7239955958890998, 0.7239955958890998, 0.7239955958890998, 0.7239955958890998, 0.7239955958890998, 0.7239955958890998, 0.7239955958890998, 0.7239955958890998, 0.7239955958890998, 0.7239955958890998, 0.7239955958890998, 0.7239955958890998]
[0.7246886099603526, 0.7246886099603526, 0.7246886099603526, 0.7246886099603526, 0.7246886099603526, 0.7246886099603526, 0.7246886099603526, 0.7246886099603526, 0.7246886099603526, 0.7246886099603526, 0.7246886099603526, 0.7246886099603526, 0.7246886099603526, 0.7246886099603526, 0.7246886099603526, 0.7246886099603526, 0.7246886099603526, 0.7246886099603526, 0.7246886099603526, 0.7246886099603526, 0.7246886099603526, 0.7246886099603526, 0.7246886099603526, 0.7246886099603526, 0.7246886099603526, 0.7246886099603526, 0.7246886099603526, 0.7246886099603526, 0.7246886099603526, 0.7246886099603526, 0.7246886099603526, 0.7246886099603526, 0.7246886099603526, 0.7246886099603526, 0.7246886099603526, 0.7246886099603526, 0.7246886099603526, 0.7246886099603526, 0.7246886099603526, 0.7246886099603526, 0.7246886099603526, 0.7246886099603526, 0.7246886099603526, 0.7246886099603526, 0.7246886099603526, 0.7246886105005566, 0.7246886459739525, 0.7246899449845046, 0.7247180624226366, 0.7251026036689149, 0.7286097191388744, 0.7508951697176026, 0.8531339056845829, 1.0, 1.0, 1.0, 1.0, 1.0, 1.0, 1.0, 1.0, 1.0, 1.0, 1.0, 1.0, 1.0, 1.0, 1.0, 0.8728943838850727, 0.78030460403276, 0.7440352860446319, 0.7309527191179448, 0.7265835398924384, 0.7252260339805351, 0.7248319698380766, 0.7247246859539146, 0.7246971979434765, 0.7246905489325766, 0.7246890261875345, 0.7246886950424826, 0.7246886266166426, 0.7246886130215086, 0.7246886105005566, 0.7246886100503865, 0.7246886099603526, 0.7246886099603526, 0.7246886099603526, 0.7246886099603526, 0.7246886099603526, 0.7246886099603526, 0.7246886099603526, 0.7246886099603526, 0.7246886099603526, 0.7246886099603526, 0.7246886099603526, 0.7246886099603526, 0.7246886099603526, 0.7246886099603526, 0.7246886099603526, 0.7246886099603526, 0.7246886099603526, 0.7246886099603526, 0.7246886099603526, 0.7246886099603526, 0.7246886099603526, 0.7246886099603526, 0.7246886099603526, 0.7246886099603526, 0.7246886099603526, 0.7246886099603526, 0.7246886099603526, 0.7246886099603526, 0.7246886099603526, 0.7246886099603526, 0.7246886099603526, 0.7246886099603526, 0.7246886099603526, 0.7246886099603526]
